0.000000  0.225000  0.450000  0.675000  0.900000  1.125000  1.350000  1.575000  1.800000  2.025000  2.250000  2.475000  2.700000  2.925000  3.150000  3.375000  3.600000  3.825000  4.050000  4.275000   0.183518  0.242802  0.372752  0.498284  0.591145  0.660655  0.714061  0.724534  0.677021  0.591033  0.496212  0.416577  0.346968  0.285460  0.222839  0.139740  0.062113  0.021171  0.011307  0.000000   5.174585
0.000000  0.225000  0.450000  0.675000  0.900000  1.125000  1.350000  1.575000  1.800000  2.025000  2.250000  2.475000  2.700000  2.925000  3.150000  3.375000  3.600000  3.825000  4.050000  4.275000   0.626355  0.643255  0.687237  0.745249  0.786885  0.780808  0.719548  0.608075  0.478332  0.375837  0.316313  0.262021  0.190910  0.118136  0.068790  0.053270  0.042233  0.019407  0.002062  0.000000   4.841036
0.000000  0.225000  0.450000  0.675000  0.900000  1.125000  1.350000  1.575000  1.800000  2.025000  2.250000  2.475000  2.700000  2.925000  3.150000  3.375000  3.600000  3.825000  4.050000  4.275000   0.926006  0.959031  1.008677  1.032429  1.054360  1.062199  1.018776  0.942473  0.866461  0.791208  0.712523  0.655881  0.617499  0.552080  0.443838  0.333585  0.248649  0.145334  0.049813  0.000000   4.645893
0.000000  0.225000  0.450000  0.675000  0.900000  1.125000  1.350000  1.575000  1.800000  2.025000  2.250000  2.475000  2.700000  2.925000  3.150000  3.375000  3.600000  3.825000  4.050000  4.275000   0.080927  0.143167  0.281029  0.411151  0.492648  0.536010  0.558010  0.566349  0.567910  0.560352  0.532750  0.481465  0.397152  0.295149  0.205341  0.153614  0.116797  0.075454  0.031425  0.000000   4.888661
0.000000  0.225000  0.450000  0.675000  0.900000  1.125000  1.350000  1.575000  1.800000  2.025000  2.250000  2.475000  2.700000  2.925000  3.150000  3.375000  3.600000  3.825000  4.050000  4.275000   0.407443  0.485700  0.636101  0.766979  0.837848  0.848737  0.801426  0.721804  0.647105  0.562881  0.444607  0.315757  0.210285  0.147300  0.111112  0.087999  0.068888  0.054802  0.038895  0.000000   5.022572
0.000000  0.225000  0.450000  0.675000  0.900000  1.125000  1.350000  1.575000  1.800000  2.025000  2.250000  2.475000  2.700000  2.925000  3.150000  3.375000  3.600000  3.825000  4.050000  4.275000   0.678564  0.703690  0.767308  0.846237  0.906329  0.918881  0.880636  0.804279  0.722365  0.649740  0.578130  0.502779  0.442594  0.392897  0.318033  0.216351  0.139724  0.095679  0.051600  0.000000   4.913338
0.000000  0.225000  0.450000  0.675000  0.900000  1.125000  1.350000  1.575000  1.800000  2.025000  2.250000  2.475000  2.700000  2.925000  3.150000  3.375000  3.600000  3.825000  4.050000  4.275000   0.104901  0.167371  0.289136  0.402756  0.510973  0.600419  0.655278  0.685752  0.676594  0.629302  0.572250  0.497078  0.399226  0.298077  0.185940  0.087540  0.039678  0.022651  0.016149  0.000000   5.186831
0.000000  0.225000  0.450000  0.675000  0.900000  1.125000  1.350000  1.575000  1.800000  2.025000  2.250000  2.475000  2.700000  2.925000  3.150000  3.375000  3.600000  3.825000  4.050000  4.275000   0.598953  0.612316  0.649637  0.698087  0.738446  0.743806  0.695918  0.591536  0.459077  0.338395  0.252295  0.202060  0.162634  0.116066  0.063043  0.020207  0.000000  0.000186  0.006220  0.003759   4.923686
0.000000  0.225000  0.450000  0.675000  0.900000  1.125000  1.350000  1.575000  1.800000  2.025000  2.250000  2.475000  2.700000  2.925000  3.150000  3.375000  3.600000  3.825000  4.050000  4.275000   0.829518  0.842365  0.875885  0.912892  0.938931  0.948996  0.943073  0.912527  0.845195  0.739996  0.621154  0.514710  0.428417  0.359081  0.298110  0.236983  0.170741  0.099507  0.036542  0.000000   4.956851
0.000000  0.225000  0.450000  0.675000  0.900000  1.125000  1.350000  1.575000  1.800000  2.025000  2.250000  2.475000  2.700000  2.925000  3.150000  3.375000  3.600000  3.825000  4.050000  4.275000   0.000000  0.059900  0.199879  0.366136  0.520159  0.629236  0.688325  0.720860  0.735036  0.723196  0.687318  0.630188  0.546305  0.433761  0.322223  0.244627  0.206560  0.194129  0.189781  0.173465   5.011524
0.000000  0.225000  0.450000  0.675000  0.900000  1.125000  1.350000  1.575000  1.800000  2.025000  2.250000  2.475000  2.700000  2.925000  3.150000  3.375000  3.600000  3.825000  4.050000  4.275000   0.171840  0.226103  0.349240  0.477111  0.563790  0.609593  0.644284  0.658862  0.641838  0.606426  0.552002  0.470511  0.365615  0.276428  0.223499  0.176681  0.122840  0.073888  0.033138  0.000000   5.067631
0.000000  0.225000  0.450000  0.675000  0.900000  1.125000  1.350000  1.575000  1.800000  2.025000  2.250000  2.475000  2.700000  2.925000  3.150000  3.375000  3.600000  3.825000  4.050000  4.275000   0.532653  0.559157  0.615041  0.656263  0.687402  0.691925  0.670487  0.629341  0.566744  0.487478  0.398031  0.298249  0.202874  0.113895  0.038030  0.004172  0.000000  0.005129  0.013199  0.013065   4.835632
0.000000  0.225000  0.450000  0.675000  0.900000  1.125000  1.350000  1.575000  1.800000  2.025000  2.250000  2.475000  2.700000  2.925000  3.150000  3.375000  3.600000  3.825000  4.050000  4.275000   0.793426  0.805675  0.834231  0.866017  0.893485  0.911521  0.912706  0.890476  0.840952  0.760455  0.654264  0.542182  0.452896  0.400054  0.366509  0.321774  0.249801  0.163532  0.077868  0.000000   4.915971
0.000000  0.225000  0.450000  0.675000  0.900000  1.125000  1.350000  1.575000  1.800000  2.025000  2.250000  2.475000  2.700000  2.925000  3.150000  3.375000  3.600000  3.825000  4.050000  4.275000   0.476613  0.531133  0.653452  0.757936  0.833438  0.867565  0.809544  0.685975  0.541560  0.422973  0.341242  0.267771  0.207626  0.158083  0.106271  0.073370  0.051951  0.037610  0.021162  0.000000   4.894544
0.000000  0.225000  0.450000  0.675000  0.900000  1.125000  1.350000  1.575000  1.800000  2.025000  2.250000  2.475000  2.700000  2.925000  3.150000  3.375000  3.600000  3.825000  4.050000  4.275000   0.720497  0.747826  0.807305  0.859879  0.896364  0.917101  0.924980  0.913355  0.863262  0.781256  0.694105  0.607496  0.536192  0.467765  0.365632  0.227404  0.114929  0.049771  0.018976  0.000000   4.850581
0.000000  0.225000  0.450000  0.675000  0.900000  1.125000  1.350000  1.575000  1.800000  2.025000  2.250000  2.475000  2.700000  2.925000  3.150000  3.375000  3.600000  3.825000  4.050000  4.275000   0.000000  0.051752  0.167996  0.303132  0.438633  0.554102  0.623547  0.639023  0.599997  0.540285  0.489362  0.446965  0.406599  0.358593  0.283569  0.173525  0.082996  0.037238  0.016054  0.006537   5.146090
0.000000  0.225000  0.450000  0.675000  0.900000  1.125000  1.350000  1.575000  1.800000  2.025000  2.250000  2.475000  2.700000  2.925000  3.150000  3.375000  3.600000  3.825000  4.050000  4.275000   0.585243  0.611148  0.654064  0.682596  0.701781  0.713420  0.700330  0.653095  0.575446  0.478845  0.383904  0.290385  0.189929  0.093052  0.022053  0.000000  0.013545  0.043854  0.078153  0.087762   4.811673
0.000000  0.225000  0.450000  0.675000  0.900000  1.125000  1.350000  1.575000  1.800000  2.025000  2.250000  2.475000  2.700000  2.925000  3.150000  3.375000  3.600000  3.825000  4.050000  4.275000   0.867069  0.879352  0.910118  0.946095  0.971823  0.968225  0.926457  0.852077  0.757711  0.662718  0.585358  0.532358  0.494469  0.455842  0.401606  0.325115  0.234912  0.146841  0.068500  0.000000   4.978697
0.000000  0.225000  0.450000  0.675000  0.900000  1.125000  1.350000  1.575000  1.800000  2.025000  2.250000  2.475000  2.700000  2.925000  3.150000  3.375000  3.600000  3.825000  4.050000  4.275000   0.000000  0.039578  0.140294  0.264285  0.387487  0.502976  0.589704  0.638352  0.661909  0.667297  0.638768  0.561686  0.450432  0.336717  0.248702  0.188440  0.146948  0.114208  0.089160  0.073820   5.127771
0.000000  0.225000  0.450000  0.675000  0.900000  1.125000  1.350000  1.575000  1.800000  2.025000  2.250000  2.475000  2.700000  2.925000  3.150000  3.375000  3.600000  3.825000  4.050000  4.275000   0.663119  0.710901  0.817320  0.942250  1.039818  1.067629  1.025561  0.929373  0.804526  0.684885  0.606266  0.558386  0.509793  0.441829  0.359136  0.266405  0.159324  0.065402  0.018455  0.000000   5.037735
0.000000  0.225000  0.450000  0.675000  0.900000  1.125000  1.350000  1.575000  1.800000  2.025000  2.250000  2.475000  2.700000  2.925000  3.150000  3.375000  3.600000  3.825000  4.050000  4.275000   0.684792  0.708117  0.754484  0.795513  0.833212  0.858918  0.842992  0.776620  0.681354  0.587508  0.504608  0.413376  0.323049  0.245175  0.171324  0.098369  0.043149  0.017114  0.007800  0.000000   4.938130
0.000000  0.225000  0.450000  0.675000  0.900000  1.125000  1.350000  1.575000  1.800000  2.025000  2.250000  2.475000  2.700000  2.925000  3.150000  3.375000  3.600000  3.825000  4.050000  4.275000   0.913968  0.942080  1.000392  1.053930  1.059832  1.025630  0.976860  0.922595  0.888422  0.847244  0.808042  0.771000  0.689701  0.564667  0.435872  0.316131  0.226586  0.141169  0.054893  0.000000   4.970388
0.000000  0.225000  0.450000  0.675000  0.900000  1.125000  1.350000  1.575000  1.800000  2.025000  2.250000  2.475000  2.700000  2.925000  3.150000  3.375000  3.600000  3.825000  4.050000  4.275000   0.279910  0.320493  0.415415  0.524137  0.625886  0.704414  0.733609  0.710176  0.648281  0.564164  0.472503  0.395466  0.344452  0.299690  0.238921  0.171525  0.125348  0.088200  0.041778  0.000000   5.057877
0.000000  0.225000  0.450000  0.675000  0.900000  1.125000  1.350000  1.575000  1.800000  2.025000  2.250000  2.475000  2.700000  2.925000  3.150000  3.375000  3.600000  3.825000  4.050000  4.275000   0.197509  0.230203  0.306838  0.407261  0.507520  0.586310  0.632968  0.617948  0.569852  0.507242  0.431953  0.351108  0.270494  0.189664  0.130997  0.099228  0.072711  0.047505  0.024894  0.000000   5.223074
0.000000  0.225000  0.450000  0.675000  0.900000  1.125000  1.350000  1.575000  1.800000  2.025000  2.250000  2.475000  2.700000  2.925000  3.150000  3.375000  3.600000  3.825000  4.050000  4.275000   0.821428  0.838873  0.885881  0.949422  1.013348  1.061653  1.080580  1.061381  1.002152  0.907478  0.788323  0.659211  0.534793  0.424240  0.329004  0.246545  0.173976  0.109711  0.052479  0.000000   4.939444
0.000000  0.225000  0.450000  0.675000  0.900000  1.125000  1.350000  1.575000  1.800000  2.025000  2.250000  2.475000  2.700000  2.925000  3.150000  3.375000  3.600000  3.825000  4.050000  4.275000   0.889352  0.903905  0.934207  0.956032  0.978703  1.006322  1.031860  1.045276  1.015111  0.912711  0.750639  0.580119  0.454665  0.369349  0.296348  0.217511  0.139970  0.072242  0.022739  0.000000   4.992930
0.000000  0.225000  0.450000  0.675000  0.900000  1.125000  1.350000  1.575000  1.800000  2.025000  2.250000  2.475000  2.700000  2.925000  3.150000  3.375000  3.600000  3.825000  4.050000  4.275000   0.539571  0.566585  0.636165  0.720959  0.789958  0.823857  0.812425  0.758779  0.678151  0.579241  0.465988  0.349334  0.244606  0.165335  0.114779  0.081669  0.055966  0.037044  0.021033  0.000000   5.251978
0.000000  0.225000  0.450000  0.675000  0.900000  1.125000  1.350000  1.575000  1.800000  2.025000  2.250000  2.475000  2.700000  2.925000  3.150000  3.375000  3.600000  3.825000  4.050000  4.275000   0.012332  0.055433  0.169375  0.320706  0.471749  0.593153  0.667459  0.693646  0.691840  0.672510  0.632604  0.568745  0.485411  0.381237  0.266751  0.168049  0.098929  0.057461  0.027914  0.000000   5.495963
0.000000  0.225000  0.450000  0.675000  0.900000  1.125000  1.350000  1.575000  1.800000  2.025000  2.250000  2.475000  2.700000  2.925000  3.150000  3.375000  3.600000  3.825000  4.050000  4.275000   0.344482  0.437156  0.623871  0.776120  0.875348  0.905663  0.904022  0.863580  0.763699  0.620782  0.473001  0.333809  0.220890  0.140553  0.093470  0.062233  0.037887  0.022041  0.018019  0.000000   5.333544
0.000000  0.225000  0.450000  0.675000  0.900000  1.125000  1.350000  1.575000  1.800000  2.025000  2.250000  2.475000  2.700000  2.925000  3.150000  3.375000  3.600000  3.825000  4.050000  4.275000   0.704443  0.751517  0.837168  0.909686  0.951776  0.975644  0.982675  0.955129  0.888536  0.796498  0.706593  0.627573  0.531451  0.421146  0.329266  0.258501  0.187189  0.113723  0.048350  0.000000   5.216181
0.000000  0.225000  0.450000  0.675000  0.900000  1.125000  1.350000  1.575000  1.800000  2.025000  2.250000  2.475000  2.700000  2.925000  3.150000  3.375000  3.600000  3.825000  4.050000  4.275000   0.666017  0.685952  0.728260  0.762498  0.771429  0.755518  0.720593  0.669103  0.601496  0.518562  0.421795  0.321320  0.232141  0.164450  0.117503  0.078611  0.041227  0.013494  0.002177  0.000000   5.120720
0.000000  0.225000  0.450000  0.675000  0.900000  1.125000  1.350000  1.575000  1.800000  2.025000  2.250000  2.475000  2.700000  2.925000  3.150000  3.375000  3.600000  3.825000  4.050000  4.275000   0.723832  0.731189  0.749219  0.769354  0.782240  0.777334  0.747931  0.696393  0.632601  0.566212  0.497550  0.421922  0.337113  0.246952  0.162053  0.093610  0.048796  0.023800  0.009705  0.000000   5.267489
0.000000  0.225000  0.450000  0.675000  0.900000  1.125000  1.350000  1.575000  1.800000  2.025000  2.250000  2.475000  2.700000  2.925000  3.150000  3.375000  3.600000  3.825000  4.050000  4.275000   0.827519  0.847277  0.891904  0.936066  0.958631  0.954645  0.922169  0.863806  0.796750  0.731073  0.663378  0.586046  0.490762  0.386225  0.297597  0.239683  0.199521  0.148591  0.080046  0.000000   5.096545
0.000000  0.225000  0.450000  0.675000  0.900000  1.125000  1.350000  1.575000  1.800000  2.025000  2.250000  2.475000  2.700000  2.925000  3.150000  3.375000  3.600000  3.825000  4.050000  4.275000   0.609833  0.625822  0.664939  0.708199  0.739714  0.750742  0.736086  0.695032  0.631656  0.550626  0.454996  0.350334  0.246558  0.153842  0.080958  0.034895  0.013360  0.005599  0.002347  0.000000   5.099500
0.000000  0.225000  0.450000  0.675000  0.900000  1.125000  1.350000  1.575000  1.800000  2.025000  2.250000  2.475000  2.700000  2.925000  3.150000  3.375000  3.600000  3.825000  4.050000  4.275000   0.804567  0.812421  0.832687  0.856641  0.874274  0.877119  0.861334  0.829487  0.788812  0.746480  0.701911  0.646352  0.573391  0.487210  0.397033  0.308257  0.222147  0.140235  0.065779  0.000000   5.027037
0.000000  0.225000  0.450000  0.675000  0.900000  1.125000  1.350000  1.575000  1.800000  2.025000  2.250000  2.475000  2.700000  2.925000  3.150000  3.375000  3.600000  3.825000  4.050000  4.275000   0.326281  0.359594  0.422162  0.493034  0.574858  0.635061  0.658304  0.665873  0.662625  0.633726  0.570308  0.488459  0.401388  0.315701  0.232152  0.156695  0.101745  0.061340  0.030247  0.000000   5.169892
0.000000  0.225000  0.450000  0.675000  0.900000  1.125000  1.350000  1.575000  1.800000  2.025000  2.250000  2.475000  2.700000  2.925000  3.150000  3.375000  3.600000  3.825000  4.050000  4.275000   0.704963  0.710730  0.724319  0.738456  0.742959  0.730985  0.702428  0.660501  0.606154  0.537552  0.454634  0.364179  0.276255  0.197927  0.131406  0.078285  0.040967  0.018697  0.006672  0.000000   4.961827
0.000000  0.225000  0.450000  0.675000  0.900000  1.125000  1.350000  1.575000  1.800000  2.025000  2.250000  2.475000  2.700000  2.925000  3.150000  3.375000  3.600000  3.825000  4.050000  4.275000   0.901416  0.909786  0.931863  0.958412  0.978495  0.981742  0.963988  0.924777  0.866736  0.795740  0.716710  0.633218  0.545686  0.453091  0.354463  0.253453  0.161704  0.090019  0.038557  0.000000   4.948535
0.000000  0.225000  0.450000  0.675000  0.900000  1.125000  1.350000  1.575000  1.800000  2.025000  2.250000  2.475000  2.700000  2.925000  3.150000  3.375000  3.600000  3.825000  4.050000  4.275000   0.000000  0.059054  0.193967  0.335054  0.444530  0.519029  0.577015  0.628628  0.639252  0.598290  0.528065  0.447721  0.366458  0.285435  0.202893  0.125493  0.069277  0.039833  0.028139  0.020994   5.157294
0.000000  0.225000  0.450000  0.675000  0.900000  1.125000  1.350000  1.575000  1.800000  2.025000  2.250000  2.475000  2.700000  2.925000  3.150000  3.375000  3.600000  3.825000  4.050000  4.275000   0.564438  0.588696  0.649958  0.723737  0.783369  0.807768  0.789271  0.728472  0.631110  0.511080  0.387553  0.273907  0.178106  0.101965  0.045648  0.011400  0.000000  0.008172  0.030513  0.061703   4.924489
0.000000  0.225000  0.450000  0.675000  0.900000  1.125000  1.350000  1.575000  1.800000  2.025000  2.250000  2.475000  2.700000  2.925000  3.150000  3.375000  3.600000  3.825000  4.050000  4.275000   0.529965  0.550422  0.599385  0.654302  0.700056  0.722853  0.717438  0.684008  0.622482  0.531478  0.418400  0.299011  0.190243  0.108103  0.057802  0.031598  0.022465  0.021200  0.015721  0.000000   5.199209
0.000000  0.225000  0.450000  0.675000  0.900000  1.125000  1.350000  1.575000  1.800000  2.025000  2.250000  2.475000  2.700000  2.925000  3.150000  3.375000  3.600000  3.825000  4.050000  4.275000   0.773385  0.785185  0.817518  0.861810  0.906113  0.938130  0.947180  0.927505  0.881709  0.819474  0.751562  0.684568  0.616524  0.540313  0.452021  0.354536  0.254340  0.159566  0.074846  0.000000   5.068818
0.000000  0.225000  0.450000  0.675000  0.900000  1.125000  1.350000  1.575000  1.800000  2.025000  2.250000  2.475000  2.700000  2.925000  3.150000  3.375000  3.600000  3.825000  4.050000  4.275000   0.576177  0.608774  0.685337  0.772740  0.837058  0.866839  0.866795  0.814560  0.719014  0.617033  0.515863  0.411554  0.300860  0.187918  0.098980  0.047781  0.029920  0.022253  0.007613  0.000000   5.199981
0.000000  0.225000  0.450000  0.675000  0.900000  1.125000  1.350000  1.575000  1.800000  2.025000  2.250000  2.475000  2.700000  2.925000  3.150000  3.375000  3.600000  3.825000  4.050000  4.275000   0.771640  0.787296  0.829566  0.891997  0.949198  0.974457  0.969144  0.937978  0.885093  0.809573  0.718936  0.633861  0.564252  0.501707  0.431664  0.357158  0.282717  0.199221  0.100420  0.000000   5.185731
0.000000  0.225000  0.450000  0.675000  0.900000  1.125000  1.350000  1.575000  1.800000  2.025000  2.250000  2.475000  2.700000  2.925000  3.150000  3.375000  3.600000  3.825000  4.050000  4.275000   0.646253  0.674581  0.749813  0.840990  0.914282  0.950558  0.946468  0.896288  0.799431  0.673696  0.549031  0.440351  0.346195  0.258674  0.178203  0.108996  0.052482  0.016261  0.001641  0.000000   5.361289
0.000000  0.225000  0.450000  0.675000  0.900000  1.125000  1.350000  1.575000  1.800000  2.025000  2.250000  2.475000  2.700000  2.925000  3.150000  3.375000  3.600000  3.825000  4.050000  4.275000   0.783381  0.808886  0.877583  0.968623  1.051979  1.106204  1.121255  1.091179  1.019147  0.922931  0.821863  0.728747  0.647201  0.567429  0.475743  0.366659  0.249567  0.143674  0.061213  0.000000   5.286343
0.000000  0.225000  0.450000  0.675000  0.900000  1.125000  1.350000  1.575000  1.800000  2.025000  2.250000  2.475000  2.700000  2.925000  3.150000  3.375000  3.600000  3.825000  4.050000  4.275000   0.807275  0.826538  0.874006  0.922342  0.940369  0.913976  0.843627  0.740700  0.625849  0.522198  0.441349  0.374291  0.307796  0.237915  0.167028  0.103193  0.055256  0.025918  0.010437  0.000000   5.173283
0.000000  0.225000  0.450000  0.675000  0.900000  1.125000  1.350000  1.575000  1.800000  2.025000  2.250000  2.475000  2.700000  2.925000  3.150000  3.375000  3.600000  3.825000  4.050000  4.275000   1.063175  1.074222  1.099357  1.127243  1.146397  1.141688  1.106023  1.042906  0.962433  0.872233  0.777089  0.680916  0.586233  0.494351  0.407151  0.327126  0.255889  0.179807  0.090372  0.000000   5.075165
0.000000  0.225000  0.450000  0.675000  0.900000  1.125000  1.350000  1.575000  1.800000  2.025000  2.250000  2.475000  2.700000  2.925000  3.150000  3.375000  3.600000  3.825000  4.050000  4.275000   0.100231  0.126423  0.197769  0.296047  0.398529  0.485387  0.543479  0.567777  0.560483  0.528701  0.481197  0.422296  0.353225  0.276611  0.200829  0.136698  0.088891  0.054423  0.026778  0.000000   5.119222
0.000000  0.225000  0.450000  0.675000  0.900000  1.125000  1.350000  1.575000  1.800000  2.025000  2.250000  2.475000  2.700000  2.925000  3.150000  3.375000  3.600000  3.825000  4.050000  4.275000   0.795417  0.802475  0.819310  0.833435  0.833332  0.818981  0.793691  0.759967  0.719133  0.678371  0.637786  0.586988  0.517054  0.431819  0.345307  0.262023  0.180933  0.106590  0.045628  0.000000   4.959022
